3.437109752266364060e-01
1.884135960800662479e-01
1.385600915835532021e-01
9.348932159254719210e-02
7.843160587875137868e-02
3.546543607725355374e-02
3.382757229407384880e-02
2.603741428573130151e-02
2.491897233878353352e-02
1.545202037571220648e-02
6.012141296945145048e-03
3.148813350146916976e-03
3.039107504954954679e-03
2.142582902048178421e-03
1.942683001244677275e-03
1.607918553807921895e-03
1.304144350905057318e-03
1.020907577753478890e-03
8.252419512085522411e-04
2.872251842163231332e-04
1.067739536001838187e-04
9.171949599113030874e-05
5.370096451321548179e-05
4.071071613342524664e-05
3.514837083223387395e-05
1.891284763428292107e-05
1.526224495522083492e-05
