4.647954488254939925e-02
4.570125500253657130e-02
4.396028742189570654e-02
4.214307024601064017e-02
4.074353353768518649e-02
3.788991290263536010e-02
3.656981404093574001e-02
3.517670436217964353e-02
3.553492417752831395e-02
2.911503089774601302e-02
2.805323993943811475e-02
2.671253959029808514e-02
2.595660092413686060e-02
2.648794759949458372e-02
2.492567010829103633e-02
2.543591303192392628e-02
2.397613855643594694e-02
2.349517862316722119e-02
2.306277895759360416e-02
2.279176814238985035e-02
2.377455350414363691e-02
1.582592938794927934e-02
1.224324015005974486e-02
1.104486854329241735e-02
1.091508024530630713e-02
1.127096340823231790e-02
1.110096346654341169e-02
1.078681709017075170e-02
1.121400944840216310e-02
1.067807754124315209e-02
1.055259940590732616e-02
1.044622095433817704e-02
1.013347673469848324e-02
9.880020916421412489e-03
9.313003631334066876e-03
8.558961441166438797e-03
8.108734864184884497e-03
6.906890416680761674e-03
6.941969284872635121e-03
6.756918848113949508e-03
6.745518363985848233e-03
6.632566124642773862e-03
6.621375452306423742e-03
5.583126081587022616e-03
4.660219923282696991e-03
4.644507453084594124e-03
4.747593502157653605e-03
4.377957814283844375e-03
4.355835301375080015e-03
2.760962176167368939e-03
2.728518097702857179e-03
2.691905726351247023e-03
2.660273130526974970e-03
2.598118715167281687e-03
2.503368379161670550e-03
2.289053470777681256e-03
2.213035887318003710e-03
2.065000307388674839e-03
1.949779064847188825e-03
1.923616132215046808e-03
1.901011710731873939e-03
1.897804264509313438e-03
1.881848026560439162e-03
1.557566703067193902e-03
1.516047015085938759e-03
1.518609259972146649e-03
1.473144371758157911e-03
1.388600186145384297e-03
1.190803714511321897e-03
1.145440613175135623e-03
9.872693654575644216e-04
9.609519590013724903e-04
8.816568781723640134e-04
8.102721230803903996e-04
8.495038880257567036e-04
7.860137885174653090e-04
7.547953004484490511e-04
7.284979473904294950e-04
7.126798334090652005e-04
6.936820952990965664e-04
6.913432659243522790e-04
6.901768100133952527e-04
6.717789296868417704e-04
6.661307895432135983e-04
6.321569432353663694e-04
6.215716125755416316e-04
6.121964479098359214e-04
6.009297304446387404e-04
5.839240085680885012e-04
5.908672926779666261e-04
6.091029224817477109e-04
5.760886774919212784e-04
5.839240085680885012e-04
5.616797010886005184e-04
5.645323724083822032e-04
5.645323724083822032e-04
5.588414447679526361e-04
5.550794004936328210e-04
5.541428532244690314e-04
5.285514433789170654e-04
5.162024083968468329e-04
5.144619723033477723e-04
5.067023423475936752e-04
5.058474183590930522e-04
5.024421226321316341e-04
4.931952976013141265e-04
4.898751742231479203e-04
4.882235034431239178e-04
4.882235034431239178e-04
4.664634107857028940e-04
4.441705255770233879e-04
4.367329866353212458e-04
4.301457429745529160e-04
4.330610508170729817e-04
4.250910984898488175e-04
4.236578547102725278e-04
4.272500605862286920e-04
4.040924994393527148e-04
3.802588440054250826e-04
3.776989934069358013e-04
3.726308738964270533e-04
3.602561089913281032e-04
3.512454792455615049e-04
3.506528469228685496e-04
3.436187713789880444e-04
3.441995155320452782e-04
3.316469637339915385e-04
3.147323830671988599e-04
3.078984959892507272e-04
3.042803794322005914e-04
2.971711962163827055e-04
2.936791362053248829e-04
2.703570915347388681e-04
2.653815040816683598e-04
2.694455513470403354e-04
2.631502463563350439e-04
2.622630048802750504e-04
2.758914580015278759e-04
2.587438526582136467e-04
2.640404893896953261e-04
2.535534661489239347e-04
2.501511820783334193e-04
2.279643768824238031e-04
2.264297518347853160e-04
2.196507839812124677e-04
2.185408538470774925e-04
2.091533910452008673e-04
2.022075789169015423e-04
1.994942749532413928e-04
1.964853027934570151e-04
1.938487826702941532e-04
1.938487826702941532e-04
1.886814014235279138e-04
1.839621525177982208e-04
1.836517658390331208e-04
1.805765569237955195e-04
1.805765569237955195e-04
1.802718825274632136e-04
1.748748121926051017e-04
1.739911421221612025e-04
1.754664175033363905e-04
1.751703650935430086e-04
1.728198575187531085e-04
1.702132155985589489e-04
1.699260265547885456e-04
1.728198575187531085e-04
1.673630322871786985e-04
1.673630322871786985e-04
1.623524336067581582e-04
1.588272221643062412e-04
1.612594991993508784e-04
1.543325675820595843e-04
1.497120815111233506e-04
1.432811713566283082e-04
1.389915475471318327e-04
1.418367851384420830e-04
1.350582230983166153e-04
1.327967024978987404e-04
1.373582572712097835e-04
1.286036172398472889e-04
1.270923955778607329e-04
1.226644485629352799e-04
1.228717616296952754e-04
1.210184868424659575e-04
1.243327968629755090e-04
1.234958054570450782e-04
1.232874394840849483e-04
1.138807326883047087e-04
1.125425197063129317e-04
1.091731651181143106e-04
1.086214958565385032e-04
1.084382262824443009e-04
1.048370819571243411e-04
1.022149248151201086e-04
1.059046839630913716e-04
1.064425550201840090e-04
1.011845184658557772e-04
1.006732170986693266e-04
9.667473046551216382e-05
9.489555177557072827e-05
9.221010075016867851e-05
8.417367676888600381e-05
8.055798091314443339e-05
7.735842080015391817e-05
7.670801159161761069e-05
7.542355260458315875e-05
7.504242547022024409e-05
7.504242547022024409e-05
7.366136256375814854e-05
7.580661541588665285e-05
7.441148853986556081e-05
7.025953556521102785e-05
7.097501924433914492e-05
7.002264741897020178e-05
6.990450302528250655e-05
6.931676439236418238e-05
6.966881191229221061e-05
6.966881191229221061e-05
6.827125963132853225e-05
6.873396731092937533e-05
6.781166683662582639e-05
6.701481164655913162e-05
6.578148703093444764e-05
6.931676439236418238e-05
6.544908277814527619e-05
6.908305490811803961e-05
6.478930485853023110e-05
6.359693793921890608e-05
6.295583108750553317e-05
6.284961004664090987e-05
6.179720698233255051e-05
6.045538403378742612e-05
5.944307176384847828e-05
5.914269652538865302e-05
5.593707822939925984e-05
5.472249817136793607e-05
5.389711872852382080e-05
5.037680115206580360e-05
4.953325256261325378e-05
4.919980147208257695e-05
4.895118709767644891e-05
4.684847980108695930e-05
4.529268031072900821e-05
4.312808497567417965e-05
4.233436598253895053e-05
4.233436598253895053e-05
4.169583673816114620e-05
4.176630615196915921e-05
4.113634495404621045e-05
4.079048141020836957e-05
3.910429672447475404e-05
3.624287552468694588e-05
3.439442488682571778e-05
3.264024849489959685e-05
3.410524562957985360e-05
3.139683374730616212e-05
3.102788941825024424e-05
3.025182812084925400e-05
2.974526783206326726e-05
2.949517746170355698e-05
2.939573106121515776e-05
2.866049287347046090e-05
2.789649687949332879e-05
2.870893147766310932e-05
2.866049287347046090e-05
2.747573401556858234e-05
2.724472528723393625e-05
2.674331985883558621e-05
2.660818163597055664e-05
2.756868502409886811e-05
2.642905899159471447e-05
2.563781252397094221e-05
2.356200614914694249e-05
2.301150526256634112e-05
2.254989581659795438e-05
2.198588383473905263e-05
2.198588383473905263e-05
2.158126087060004331e-05
2.051519233697086646e-05
1.940323972464950454e-05
1.729835533875653323e-05
1.666750465009347751e-05
1.644385325842131744e-05
1.584416525634247747e-05
1.571095169177245360e-05
1.608680249929938182e-05
1.571095169177245360e-05
1.331471382283914721e-05
1.225734776488662368e-05
1.185029132491845322e-05
1.159298207708680129e-05
1.132212454181787422e-05
1.092765745085139858e-05
1.078102567555528839e-05
1.061841546471455110e-05
9.530677514625523279e-06
9.371088390462577791e-06
9.121285499035467219e-06
8.496779332043600703e-06
8.256328812046462252e-06
7.691043550404256149e-06
7.473394562623545698e-06
5.599006212112921533e-06
5.171807707500481573e-06
5.093801331571765982e-06
4.721067071181814012e-06
4.360854434049760354e-06
3.822684136336665841e-06
3.379341710159042175e-06
3.153288977481023323e-06
3.153288977481023323e-06
3.079615778061579270e-06
2.957301195507108288e-06
2.937393047795166905e-06
2.932436986671430938e-06
2.374416669100542271e-06
2.189550559905821353e-06
