5.660451715899791902e-02
5.460299804472622948e-02
4.506422932655045760e-02
3.801910476984156351e-02
3.605655905618814633e-02
3.481640871626608125e-02
3.331770010602990578e-02
3.239774399167614366e-02
3.125216927232156439e-02
2.943218461824391105e-02
2.204506551072939538e-02
2.189128889821873036e-02
1.792307144548628550e-02
1.681193062281259240e-02
1.674481721661824976e-02
1.642966907747384769e-02
1.562838466130262935e-02
1.527303401146879076e-02
1.360025837179256770e-02
1.347840520819038740e-02
1.285957654875087043e-02
1.284672339984766626e-02
1.259234123286953437e-02
1.218357569830416133e-02
1.195427303349902957e-02
1.195427303349902957e-02
1.189465084800809397e-02
1.087089234790745984e-02
1.009549001029750627e-02
9.583940091699442304e-03
9.469620102371595349e-03
9.412972494523632466e-03
9.328635826351438717e-03
8.741561110570708962e-03
8.732823918784129308e-03
8.415614004737668671e-03
8.142431052201167321e-03
7.760826144801969209e-03
7.668252782118134547e-03
7.508898549362598776e-03
7.207259561500993852e-03
7.043384380271158936e-03
6.897015559913829974e-03
6.613339796539587090e-03
6.600126334812720513e-03
6.469435077040406115e-03
6.430734683858819849e-03
6.172406476533342373e-03
5.995977276684792689e-03
5.900805048416192349e-03
5.579442106537133711e-03
5.523925729990198340e-03
5.233544590524098934e-03
5.145326312428960720e-03
5.176291071687087221e-03
4.953472226083355592e-03
4.660341787884226747e-03
4.428623398417335169e-03
4.406535547069954928e-03
4.319280297117027156e-03
4.063679282634327997e-03
4.055560046012093162e-03
3.912156633023532865e-03
3.873230024125654675e-03
3.916070746387063060e-03
3.804135599056418342e-03
3.743753772226299237e-03
3.518690102875083551e-03
3.442124233308888667e-03
3.435246864503532001e-03
3.428383236690214428e-03
3.424956567073887247e-03
3.394270253513580800e-03
3.307156611613467669e-03
3.136441228602895523e-03
3.007438712648951868e-03
2.968595040301618034e-03
2.718523196743125731e-03
2.694166258603177943e-03
2.635541834083011351e-03
2.472151416842253979e-03
2.469680501089197185e-03
2.452453103817173446e-03
2.375216973287489972e-03
2.370471286609488176e-03
2.272973282444615620e-03
2.172956734290968066e-03
2.036207055030883010e-03
1.964207371157396416e-03
1.902347767534416645e-03
1.898546874159686565e-03
1.800543908213791868e-03
1.616217900597407501e-03
1.609765941515790876e-03
1.595343048415497240e-03
1.562190168002508582e-03
1.560628758669289603e-03
1.511479224953294525e-03
1.462414432160057077e-03
1.304850911892065741e-03
1.204529206365073657e-03
1.170099502993925339e-03
1.142351423767801232e-03
1.115261370546105938e-03
9.362139874976170735e-04
9.013053212073081789e-04
6.421642226309032687e-04
6.256831354006140399e-04
6.225625277440158126e-04
5.868939091278384474e-04
5.423134034477695466e-04
5.374544807664890459e-04
5.220921315179176923e-04
4.872825158045700775e-04
4.700523490549147923e-04
3.894922895961722012e-04
3.772258461429896801e-04
3.437257391492042112e-04
3.279443959496910468e-04
3.079212503098872466e-04
3.069988708199771670e-04
3.063854866669514228e-04
2.940777150961730959e-04
2.856719342771420157e-04
1.909180101145788156e-04
1.626895965209266355e-04
1.457428940210654862e-04
